Kyoto U Ping times: (www.kyoto-u.ac.jp)
1   2   3   4   5   6   7   8   9   10  11  12  13  14  15  16  17  18  19  20
192 191 192 191 192 192 192 192 191 191 192 192 191 191 192 192 192 191 192 192

Cambridge University: (www.cam.ac.uk)
96  97  96  96  97  96  96  96  95  96  96  96  96  96  96  96  105  95  96  97

Delhi University: (www.du.ac.in)
284 289 282 286 281 285 280 287 288 286 283 286 283 287 283 283 285 289 288 283

Heidelberg University: (www.uni-heidelberg.de)
108 109 108 109 109 108 108 109 109 108 109 109 109 109 109 111 109 108 109 109

University of Ghana: (www.ug.edu.gh)
174 174 174 174 175 174 178 174 174 181 174 181 174 175 174 194 175 174 174 174